#Date       Time        gpu    fb  bar1    sm   mem   enc   dec
#YYYYMMDD   HH:MM:SS    Idx    MB    MB     %     %     %     %
 20221031   10:44:23      0  4121     5    90    70     0     0
 20221031   10:44:23      1  4121     5    93    70     0     0
 20221031   10:44:23      2  4121     5    92    69     0     0
 20221031   10:44:23      3  4121     5    93    68     0     0
 20221031   10:44:28      0  4121     5    92    69     0     0
 20221031   10:44:28      1  4121     5    93    69     0     0
 20221031   10:44:28      2  4121     5    93    70     0     0
 20221031   10:44:28      3  4121     5    89    66     0     0
 20221031   10:44:33      0  4121     5    92    70     0     0
 20221031   10:44:33      1  4121     5    92    68     0     0
 20221031   10:44:33      2  4121     5    93    69     0     0
 20221031   10:44:33      3  4121     5    93    67     0     0
 20221031   10:44:38      0  4121     5    92    71     0     0
 20221031   10:44:38      1  4121     5    90    66     0     0
 20221031   10:44:38      2  4121     5    91    68     0     0
 20221031   10:44:38      3  4121     5    93    70     0     0
 20221031   10:44:43      0  4121     5    92    71     0     0
 20221031   10:44:43      1  4121     5    93    68     0     0
 20221031   10:44:43      2  4121     5    93    69     0     0
 20221031   10:44:43      3  4121     5    90    66     0     0
 20221031   10:44:48      0  4121     5     0     0     0     0
 20221031   10:44:48      1  4121     5     0     0     0     0
 20221031   10:44:48      2  4121     5     0     0     0     0
 20221031   10:44:48      3  4121     5     0     0     0     0
 20221031   10:44:53      0  4121     5     7     0     0     0
 20221031   10:44:53      1  4121     5     0     0     0     0
 20221031   10:44:53      2  4121     5     0     0     0     0
 20221031   10:44:53      3  4121     5     0     0     0     0
 20221031   10:44:58      0  4121     5     0     0     0     0
 20221031   10:44:58      1  4121     5   100     0     0     0
 20221031   10:44:58      2  4121     5   100     0     0     0
 20221031   10:44:58      3  4121     5   100     0     0     0
 20221031   10:45:03      0  4121     5     0     0     0     0
 20221031   10:45:03      1  4121     5   100     0     0     0
 20221031   10:45:03      2  4121     5   100     0     0     0
 20221031   10:45:03      3  4121     5   100     0     0     0
 20221031   10:45:08      0  4121     5    91    71     0     0
 20221031   10:45:08      1  4121     5    93    70     0     0
 20221031   10:45:08      2  4121     5    90    69     0     0
 20221031   10:45:08      3  4121     5    88    66     0     0
 20221031   10:45:13      0  4121     5    92    72     0     0
 20221031   10:45:13      1  4121     5    93    70     0     0
 20221031   10:45:13      2  4121     5    92    71     0     0
 20221031   10:45:13      3  4121     5    88    67     0     0
#Date       Time        gpu    fb  bar1    sm   mem   enc   dec
#YYYYMMDD   HH:MM:SS    Idx    MB    MB     %     %     %     %
 20221031   10:45:18      0  4121     5    86    64     0     0
 20221031   10:45:18      1  4121     5    93    72     0     0
 20221031   10:45:18      2  4121     5    92    72     0     0
 20221031   10:45:18      3  4121     5    93    72     0     0
 20221031   10:45:24      0  4121     5    92    72     0     0
 20221031   10:45:24      1  4121     5    92    73     0     0
 20221031   10:45:24      2  4121     5    92    72     0     0
 20221031   10:45:24      3  4121     5    93    73     0     0
 20221031   10:45:29      0  4121     5    92    73     0     0
 20221031   10:45:29      1  4121     5    92    72     0     0
 20221031   10:45:29      2  4121     5    93    73     0     0
 20221031   10:45:29      3  4121     5    92    75     0     0
 20221031   10:45:34      0  4121     5    92    73     0     0
 20221031   10:45:34      1  4121     5    92    72     0     0
 20221031   10:45:34      2  4121     5    93    73     0     0
 20221031   10:45:34      3  4121     5    93    71     0     0
 20221031   10:45:39      0  4121     5    92    74     0     0
 20221031   10:45:39      1  4121     5    88    67     0     0
 20221031   10:45:39      2  4121     5    88    67     0     0
 20221031   10:45:39      3  4121     5    93    73     0     0
 20221031   10:45:44      0  4121     5    74    46     0     0
 20221031   10:45:44      1  4121     5    85    54     0     0
 20221031   10:45:44      2  4121     5    81    52     0     0
 20221031   10:45:44      3  4121     5    78    47     0     0
 20221031   10:45:49      0  4121     5     5     0     0     0
 20221031   10:45:49      1  4121     5     0     0     0     0
 20221031   10:45:49      2  4121     5     0     0     0     0
 20221031   10:45:49      3  4121     5     0     0     0     0
 20221031   10:45:54      0  4121     5     0     0     0     0
 20221031   10:45:54      1  4121     5   100     0     0     0
 20221031   10:45:54      2  4121     5   100     0     0     0
 20221031   10:45:54      3  4121     5   100     0     0     0
 20221031   10:45:59      0  4121     5     0     0     0     0
 20221031   10:45:59      1  4121     5   100     0     0     0
 20221031   10:45:59      2  4121     5   100     0     0     0
 20221031   10:45:59      3  4121     5   100     0     0     0
 20221031   10:46:04      0  4121     5    92    71     0     0
 20221031   10:46:04      1  4121     5    93    75     0     0
 20221031   10:46:04      2  4121     5    93    74     0     0
 20221031   10:46:04      3  4121     5    93    74     0     0
 20221031   10:46:09      0  4121     5    92    73     0     0
 20221031   10:46:09      1  4121     5    93    72     0     0
 20221031   10:46:09      2  4121     5    93    71     0     0
 20221031   10:46:09      3  4121     5    93    69     0     0
#Date       Time        gpu    fb  bar1    sm   mem   enc   dec
#YYYYMMDD   HH:MM:SS    Idx    MB    MB     %     %     %     %
 20221031   10:46:14      0  4121     5    88    70     0     0
 20221031   10:46:14      1  4121     5    91    70     0     0
 20221031   10:46:14      2  4121     5    93    73     0     0
 20221031   10:46:14      3  4121     5    93    72     0     0
 20221031   10:46:19      0  4121     5    92    73     0     0
 20221031   10:46:19      1  4121     5    92    74     0     0
 20221031   10:46:19      2  4121     5    92    74     0     0
 20221031   10:46:19      3  4121     5    91    73     0     0
 20221031   10:46:24      0  4121     5    92    73     0     0
 20221031   10:46:24      1  4121     5    93    71     0     0
 20221031   10:46:24      2  4121     5    92    69     0     0
 20221031   10:46:24      3  4121     5    88    66     0     0
 20221031   10:46:29      0  4121     5    91    72     0     0
 20221031   10:46:29      1  4121     5    92    73     0     0
 20221031   10:46:29      2  4121     5    93    74     0     0
 20221031   10:46:29      3  4121     5    93    73     0     0
 20221031   10:46:34      0  4121     5    86    67     0     0
 20221031   10:46:34      1  4121     5    93    73     0     0
 20221031   10:46:34      2  4121     5    92    72     0     0
 20221031   10:46:34      3  4121     5    92    72     0     0
 20221031   10:46:39      0  4121     5    73    46     0     0
 20221031   10:46:39      1  4121     5    85    56     0     0
 20221031   10:46:39      2  4121     5    84    51     0     0
 20221031   10:46:39      3  4121     5    99    11     0     0
 20221031   10:46:44      0  4121     5     0     0     0     0
 20221031   10:46:44      1  4121     5     0     0     0     0
 20221031   10:46:44      2  4121     5     0     0     0     0
 20221031   10:46:44      3  4121     5     0     0     0     0
 20221031   10:46:49      0  4121     5     0     0     0     0
 20221031   10:46:49      1  4121     5   100     0     0     0
 20221031   10:46:49      2  4121     5   100     0     0     0
 20221031   10:46:49      3  4121     5   100     0     0     0
 20221031   10:46:54      0  4121     5    93    57     0     0
 20221031   10:46:54      1  4121     5    92    56     0     0
 20221031   10:46:54      2  4121     5    92    59     0     0
 20221031   10:46:54      3  4121     5    92    65     0     0
 20221031   10:46:59      0  4121     5    90    73     0     0
 20221031   10:46:59      1  4121     5    93    73     0     0
 20221031   10:46:59      2  4121     5    93    74     0     0
 20221031   10:46:59      3  4121     5    92    72     0     0
 20221031   10:47:04      0  4121     5    92    72     0     0
 20221031   10:47:04      1  4121     5    92    72     0     0
 20221031   10:47:04      2  4121     5    92    73     0     0
 20221031   10:47:04      3  4121     5    87    66     0     0
#Date       Time        gpu    fb  bar1    sm   mem   enc   dec
#YYYYMMDD   HH:MM:SS    Idx    MB    MB     %     %     %     %
 20221031   10:47:09      0  4121     5    91    73     0     0
 20221031   10:47:09      1  4121     5    93    72     0     0
 20221031   10:47:09      2  4121     5    92    71     0     0
 20221031   10:47:09      3  4121     5    92    76     0     0
 20221031   10:47:14      0  4121     5    86    66     0     0
 20221031   10:47:14      1  4121     5    92    73     0     0
 20221031   10:47:14      2  4121     5    91    71     0     0
 20221031   10:47:14      3  4121     5    93    73     0     0
 20221031   10:47:19      0  4121     5    90    73     0     0
 20221031   10:47:19      1  4121     5    93    74     0     0
 20221031   10:47:19      2  4121     5    93    74     0     0
 20221031   10:47:19      3  4121     5    93    73     0     0
 20221031   10:47:24      0  4121     5    92    72     0     0
 20221031   10:47:24      1  4121     5    91    72     0     0
 20221031   10:47:24      2  4121     5    90    71     0     0
 20221031   10:47:24      3  4121     5    93    73     0     0
 20221031   10:47:29      0  4121     5    92    73     0     0
 20221031   10:47:29      1  4121     5    92    71     0     0
 20221031   10:47:29      2  4121     5    92    72     0     0
 20221031   10:47:29      3  4121     5    91    71     0     0
 20221031   10:47:34      0  4121     5    24    14     0     0
 20221031   10:47:34      1  4121     5    92     0     0     0
 20221031   10:47:34      2  4121     5    92     0     0     0
 20221031   10:47:34      3  4121     5   100     0     0     0
 20221031   10:47:39      0  4121     5     0     0     0     0
 20221031   10:47:39      1  4121     5     3     0     0     0
 20221031   10:47:39      2  4121     5   100    21     0     0
 20221031   10:47:39      3  4121     5    97    33     0     0
 20221031   10:47:44      0  4121     5     0     0     0     0
 20221031   10:47:44      1  4121     5   100     0     0     0
 20221031   10:47:44      2  4121     5   100     0     0     0
 20221031   10:47:44      3  4121     5   100     0     0     0
 20221031   10:47:49      0  4121     5    86    70     0     0
 20221031   10:47:49      1  4121     5    93    67     0     0
 20221031   10:47:49      2  4121     5    91    69     0     0
 20221031   10:47:49      3  4121     5    92    68     0     0
 20221031   10:47:54      0  4121     5    93    73     0     0
 20221031   10:47:54      1  4121     5    89    72     0     0
 20221031   10:47:54      2  4121     5    93    72     0     0
 20221031   10:47:54      3  4121     5    93    67     0     0
 20221031   10:47:59      0  4121     5    92    71     0     0
 20221031   10:47:59      1  4121     5    91    71     0     0
 20221031   10:47:59      2  4121     5    90    70     0     0
 20221031   10:47:59      3  4121     5    92    70     0     0
#Date       Time        gpu    fb  bar1    sm   mem   enc   dec
#YYYYMMDD   HH:MM:SS    Idx    MB    MB     %     %     %     %
 20221031   10:48:04      0  4121     5    92    71     0     0
 20221031   10:48:04      1  4121     5    87    67     0     0
 20221031   10:48:04      2  4121     5    91    71     0     0
 20221031   10:48:04      3  4121     5    93    72     0     0
 20221031   10:48:09      0  4121     5    92    71     0     0
 20221031   10:48:09      1  4121     5    93    71     0     0
 20221031   10:48:09      2  4121     5    93    74     0     0
 20221031   10:48:09      3  4121     5    93    73     0     0
 20221031   10:48:14      0  4121     5    92    72     0     0
 20221031   10:48:14      1  4121     5    93    70     0     0
 20221031   10:48:14      2  4121     5    93    70     0     0
 20221031   10:48:14      3  4121     5    88    66     0     0
 20221031   10:48:19      0  4121     5    92    73     0     0
 20221031   10:48:19      1  4121     5    93    72     0     0
 20221031   10:48:19      2  4121     5    93    72     0     0
 20221031   10:48:19      3  4121     5    92    72     0     0
 20221031   10:48:24      0  4121     5    57    54     0     0
 20221031   10:48:24      1  4121     5    30    29     0     0
 20221031   10:48:24      2  4121     5    23    22     0     0
 20221031   10:48:24      3  4121     5     0     0     0     0
 20221031   10:48:29      0  4121     5    13     0     0     0
 20221031   10:48:29      1  4121     5   100     0     0     0
 20221031   10:48:29      2  4121     5   100     0     0     0
 20221031   10:48:29      3  4121     5   100     0     0     0
 20221031   10:48:34      0  4121     5     0     0     0     0
 20221031   10:48:34      1  4121     5   100     0     0     0
 20221031   10:48:34      2  4121     5   100     0     0     0
 20221031   10:48:34      3  4121     5   100     0     0     0
 20221031   10:48:39      0  4121     5     0     0     0     0
 20221031   10:48:39      1  4121     5   100     0     0     0
 20221031   10:48:39      2  4121     5   100     0     0     0
 20221031   10:48:39      3  4121     5   100     0     0     0
 20221031   10:48:45      0  4121     5    92    71     0     0
 20221031   10:48:45      1  4121     5    88    66     0     0
 20221031   10:48:45      2  4121     5    93    72     0     0
 20221031   10:48:45      3  4121     5    90    71     0     0
 20221031   10:48:50      0  4121     5    90    67     0     0
 20221031   10:48:50      1  4121     5    93    64     0     0
 20221031   10:48:50      2  4121     5    93    74     0     0
 20221031   10:48:50      3  4121     5    93    65     0     0
 20221031   10:48:55      0  4121     5    92    70     0     0
 20221031   10:48:55      1  4121     5    92    74     0     0
 20221031   10:48:55      2  4121     5    89    68     0     0
 20221031   10:48:55      3  4121     5    92    72     0     0
#Date       Time        gpu    fb  bar1    sm   mem   enc   dec
#YYYYMMDD   HH:MM:SS    Idx    MB    MB     %     %     %     %
 20221031   10:49:00      0  4121     5    91    72     0     0
 20221031   10:49:00      1  4121     5    90    71     0     0
 20221031   10:49:00      2  4121     5    93    71     0     0
 20221031   10:49:00      3  4121     5    89    67     0     0
 20221031   10:49:05      0  4121     5    92    74     0     0
 20221031   10:49:05      1  4121     5    93    73     0     0
 20221031   10:49:05      2  4121     5    93    73     0     0
 20221031   10:49:05      3  4121     5    93    72     0     0
 20221031   10:49:10      0  4121     5    92    72     0     0
 20221031   10:49:10      1  4121     5    90    69     0     0
 20221031   10:49:10      2  4121     5    93    73     0     0
 20221031   10:49:10      3  4121     5    91    70     0     0
 20221031   10:49:15      0  4121     5    92    72     0     0
 20221031   10:49:15      1  4121     5    93    71     0     0
 20221031   10:49:15      2  4121     5    93    70     0     0
 20221031   10:49:15      3  4121     5    87    65     0     0
 20221031   10:49:20      0  4121     5     0     0     0     0
 20221031   10:49:20      1  4121     5     0     0     0     0
 20221031   10:49:20      2  4121     5     0     0     0     0
 20221031   10:49:20      3  4121     5     0     0     0     0
 20221031   10:49:25      0  4121     5    13     0     0     0
 20221031   10:49:25      1  4121     5   100     0     0     0
 20221031   10:49:25      2  4121     5   100     0     0     0
 20221031   10:49:25      3  4121     5   100     0     0     0
 20221031   10:49:30      0  4121     5     0     0     0     0
 20221031   10:49:30      1  4121     5   100     0     0     0
 20221031   10:49:30      2  4121     5   100     0     0     0
 20221031   10:49:30      3  4121     5   100     0     0     0
 20221031   10:49:35      0  4121     5     0     0     0     0
 20221031   10:49:35      1  4121     5   100     0     0     0
 20221031   10:49:35      2  4121     5   100     0     0     0
 20221031   10:49:35      3  4121     5   100     0     0     0
 20221031   10:49:40      0  4121     5    91    70     0     0
 20221031   10:49:40      1  4121     5    93    69     0     0
 20221031   10:49:40      2  4121     5    91    75     0     0
 20221031   10:49:40      3  4121     5    90    68     0     0
 20221031   10:49:45      0  4121     5    91    71     0     0
 20221031   10:49:45      1  4121     5    91    60     0     0
 20221031   10:49:45      2  4121     5    93    72     0     0
 20221031   10:49:45      3  4121     5    93    64     0     0
 20221031   10:49:50      0  4121     5    91    71     0     0
 20221031   10:49:50      1  4121     5    90    74     0     0
 20221031   10:49:50      2  4121     5    91    68     0     0
 20221031   10:49:50      3  4121     5    93    72     0     0
#Date       Time        gpu    fb  bar1    sm   mem   enc   dec
#YYYYMMDD   HH:MM:SS    Idx    MB    MB     %     %     %     %
 20221031   10:49:55      0  4121     5    91    70     0     0
 20221031   10:49:55      1  4121     5    90    68     0     0
 20221031   10:49:55      2  4121     5    92    72     0     0
 20221031   10:49:55      3  4121     5    92    72     0     0
 20221031   10:50:00      0  4121     5    92    73     0     0
 20221031   10:50:00      1  4121     5    93    71     0     0
 20221031   10:50:00      2  4121     5    93    71     0     0
 20221031   10:50:00      3  4121     5    93    72     0     0
 20221031   10:50:05      0  4121     5    92    73     0     0
 20221031   10:50:05      1  4121     5    93    71     0     0
 20221031   10:50:05      2  4121     5    93    71     0     0
 20221031   10:50:05      3  4121     5    93    73     0     0
 20221031   10:50:10      0  4121     5    92    72     0     0
 20221031   10:50:10      1  4121     5    93    70     0     0
 20221031   10:50:10      2  4121     5    91    70     0     0
 20221031   10:50:10      3  4121     5    88    65     0     0
 20221031   10:50:15      0  4121     5     0     0     0     0
 20221031   10:50:15      1  4121     5     0     0     0     0
 20221031   10:50:15      2  4121     5     0     0     0     0
 20221031   10:50:15      3  4121     5     0     0     0     0
 20221031   10:50:20      0  4121     5     8     0     0     0
 20221031   10:50:20      1  4121     5   100     0     0     0
 20221031   10:50:20      2  4121     5   100     0     0     0
 20221031   10:50:20      3  4121     5   100     0     0     0
 20221031   10:50:25      0  4121     5     0     0     0     0
 20221031   10:50:25      1  1101     5   100     0     0     0
 20221031   10:50:25      2  1101     5   100     0     0     0
 20221031   10:50:25      3  1101     5   100     0     0     0
 20221031   10:50:30      0  4121     5    20     1     0     0
 20221031   10:50:30      1  1101     5   100     0     0     0
 20221031   10:50:30      2  1101     5   100     0     0     0
 20221031   10:50:30      3  1101     5   100     0     0     0
 20221031   10:50:35      0  1841     5   100     0     0     0
 20221031   10:50:35      1  1069     5     0     0     0     0
 20221031   10:50:35      2  1069     5     0     0     0     0
 20221031   10:50:35      3  1069     5     0     0     0     0
 20221031   10:50:40      0  1841     5   100     0     0     0
 20221031   10:50:40      1   813     5     0     0     0     0
 20221031   10:50:40      2   813     5     0     0     0     0
 20221031   10:50:40      3   813     5     0     0     0     0
 20221031   10:50:45      0  1841     5   100     0     0     0
 20221031   10:50:45      1   813     5     0     0     0     0
 20221031   10:50:45      2   813     5     0     0     0     0
 20221031   10:50:45      3   813     5     0     0     0     0
#Date       Time        gpu    fb  bar1    sm   mem   enc   dec
#YYYYMMDD   HH:MM:SS    Idx    MB    MB     %     %     %     %
 20221031   10:50:50      0  1841     5   100     0     0     0
 20221031   10:50:50      1     2     3     0     0     0     0
 20221031   10:50:50      2     2     3     0     0     0     0
 20221031   10:50:50      3     2     3     0     0     0     0
 20221031   10:50:55      0  1841     5   100     0     0     0
 20221031   10:50:55      1     2     3     0     0     0     0
 20221031   10:50:55      2     2     3     0     0     0     0
 20221031   10:50:55      3     2     3     0     0     0     0
 20221031   10:51:00      0  1841     5   100     0     0     0
 20221031   10:51:00      1     2     3     0     0     0     0
 20221031   10:51:00      2     2     3     0     0     0     0
 20221031   10:51:00      3     2     3     0     0     0     0
 20221031   10:51:05      0  1841     5   100     0     0     0
 20221031   10:51:05      1     2     3     0     0     0     0
 20221031   10:51:05      2     2     3     0     0     0     0
 20221031   10:51:05      3     2     3     0     0     0     0
 20221031   10:51:10      0  1841     5   100     0     0     0
 20221031   10:51:10      1     2     3     0     0     0     0
 20221031   10:51:10      2     2     3     0     0     0     0
 20221031   10:51:10      3     2     3     0     0     0     0
 20221031   10:51:15      0  1841     5   100     0     0     0
 20221031   10:51:15      1     2     3     0     0     0     0
 20221031   10:51:15      2     2     3     0     0     0     0
 20221031   10:51:15      3     2     3     0     0     0     0
 20221031   10:51:20      0  1841     5   100     0     0     0
 20221031   10:51:20      1     2     3     0     0     0     0
 20221031   10:51:20      2     2     3     0     0     0     0
 20221031   10:51:20      3     2     3     0     0     0     0
 20221031   10:51:25      0  1841     5   100     0     0     0
 20221031   10:51:25      1     2     3     0     0     0     0
 20221031   10:51:25      2     2     3     0     0     0     0
 20221031   10:51:25      3     2     3     0     0     0     0
 20221031   10:51:30      0  1841     5   100     0     0     0
 20221031   10:51:30      1     2     3     0     0     0     0
 20221031   10:51:30      2     2     3     0     0     0     0
 20221031   10:51:30      3     2     3     0     0     0     0
 20221031   10:51:35      0  1841     5   100     0     0     0
 20221031   10:51:35      1     2     3     0     0     0     0
 20221031   10:51:35      2     2     3     0     0     0     0
 20221031   10:51:35      3     2     3     0     0     0     0
 20221031   10:51:40      0  1841     5   100     0     0     0
 20221031   10:51:40      1     2     3     0     0     0     0
 20221031   10:51:40      2     2     3     0     0     0     0
 20221031   10:51:40      3     2     3     0     0     0     0
#Date       Time        gpu    fb  bar1    sm   mem   enc   dec
#YYYYMMDD   HH:MM:SS    Idx    MB    MB     %     %     %     %
 20221031   10:51:45      0  1841     5   100     0     0     0
 20221031   10:51:45      1     2     3     0     0     0     0
 20221031   10:51:45      2     2     3     0     0     0     0
 20221031   10:51:45      3     2     3     0     0     0     0
 20221031   10:51:50      0  1841     5   100     0     0     0
 20221031   10:51:50      1     2     3     0     0     0     0
 20221031   10:51:50      2     2     3     0     0     0     0
 20221031   10:51:50      3     2     3     0     0     0     0
 20221031   10:51:55      0  1841     5   100     0     0     0
 20221031   10:51:55      1     2     3     0     0     0     0
 20221031   10:51:55      2     2     3     0     0     0     0
 20221031   10:51:55      3     2     3     0     0     0     0
 20221031   10:52:00      0  1841     5   100     0     0     0
 20221031   10:52:00      1     2     3     0     0     0     0
 20221031   10:52:00      2     2     3     0     0     0     0
 20221031   10:52:00      3     2     3     0     0     0     0
 20221031   10:52:06      0  1841     5   100     0     0     0
 20221031   10:52:06      1     2     3     0     0     0     0
 20221031   10:52:06      2     2     3     0     0     0     0
 20221031   10:52:06      3     2     3     0     0     0     0
 20221031   10:52:11      0  1841     5   100     0     0     0
 20221031   10:52:11      1     2     3     0     0     0     0
 20221031   10:52:11      2     2     3     0     0     0     0
 20221031   10:52:11      3     2     3     0     0     0     0
 20221031   10:52:16      0  1841     5   100     0     0     0
 20221031   10:52:16      1     2     3     0     0     0     0
 20221031   10:52:16      2     2     3     0     0     0     0
 20221031   10:52:16      3     2     3     0     0     0     0
 20221031   10:52:21      0  1841     5   100     0     0     0
 20221031   10:52:21      1     2     3     0     0     0     0
 20221031   10:52:21      2     2     3     0     0     0     0
 20221031   10:52:21      3     2     3     0     0     0     0
 20221031   10:52:26      0  1841     5   100     0     0     0
 20221031   10:52:26      1     2     3     0     0     0     0
 20221031   10:52:26      2     2     3     0     0     0     0
 20221031   10:52:26      3     2     3     0     0     0     0
 20221031   10:52:31      0  1841     5   100     0     0     0
 20221031   10:52:31      1     2     3     0     0     0     0
 20221031   10:52:31      2     2     3     0     0     0     0
 20221031   10:52:31      3     2     3     0     0     0     0
 20221031   10:52:36      0  1841     5   100     0     0     0
 20221031   10:52:36      1     2     3     0     0     0     0
 20221031   10:52:36      2     2     3     0     0     0     0
 20221031   10:52:36      3     2     3     0     0     0     0
#Date       Time        gpu    fb  bar1    sm   mem   enc   dec
#YYYYMMDD   HH:MM:SS    Idx    MB    MB     %     %     %     %
 20221031   10:52:41      0  1841     5   100     0     0     0
 20221031   10:52:41      1     2     3     0     0     0     0
 20221031   10:52:41      2     2     3     0     0     0     0
 20221031   10:52:41      3     2     3     0     0     0     0
 20221031   10:52:46      0  1841     5   100     0     0     0
 20221031   10:52:46      1     2     3     0     0     0     0
 20221031   10:52:46      2     2     3     0     0     0     0
 20221031   10:52:46      3     2     3     0     0     0     0
 20221031   10:52:51      0  1841     5   100     0     0     0
 20221031   10:52:51      1     2     3     0     0     0     0
 20221031   10:52:51      2     2     3     0     0     0     0
 20221031   10:52:51      3     2     3     0     0     0     0
 20221031   10:52:56      0  1841     5   100     0     0     0
 20221031   10:52:56      1     2     3     0     0     0     0
 20221031   10:52:56      2     2     3     0     0     0     0
 20221031   10:52:56      3     2     3     0     0     0     0
 20221031   10:53:01      0  1841     5   100     0     0     0
 20221031   10:53:01      1     2     3     0     0     0     0
 20221031   10:53:01      2     2     3     0     0     0     0
 20221031   10:53:01      3     2     3     0     0     0     0
 20221031   10:53:06      0  1841     5   100     0     0     0
 20221031   10:53:06      1     2     3     0     0     0     0
 20221031   10:53:06      2     2     3     0     0     0     0
 20221031   10:53:06      3     2     3     0     0     0     0
 20221031   10:53:11      0  1841     5   100     0     0     0
 20221031   10:53:11      1     2     3     0     0     0     0
 20221031   10:53:11      2     2     3     0     0     0     0
 20221031   10:53:11      3     2     3     0     0     0     0
 20221031   10:53:16      0  1841     5   100     0     0     0
 20221031   10:53:16      1     2     3     0     0     0     0
 20221031   10:53:16      2     2     3     0     0     0     0
 20221031   10:53:16      3     2     3     0     0     0     0
 20221031   10:53:21      0  1841     5   100     0     0     0
 20221031   10:53:21      1     2     3     0     0     0     0
 20221031   10:53:21      2     2     3     0     0     0     0
 20221031   10:53:21      3     2     3     0     0     0     0
 20221031   10:53:26      0  1841     5   100     0     0     0
 20221031   10:53:26      1     2     3     0     0     0     0
 20221031   10:53:26      2     2     3     0     0     0     0
 20221031   10:53:26      3     2     3     0     0     0     0
 20221031   10:53:31      0  1841     5   100     0     0     0
 20221031   10:53:31      1     2     3     0     0     0     0
 20221031   10:53:31      2     2     3     0     0     0     0
 20221031   10:53:31      3     2     3     0     0     0     0
#Date       Time        gpu    fb  bar1    sm   mem   enc   dec
#YYYYMMDD   HH:MM:SS    Idx    MB    MB     %     %     %     %
 20221031   10:53:36      0  1841     5   100     0     0     0
 20221031   10:53:36      1     2     3     0     0     0     0
 20221031   10:53:36      2     2     3     0     0     0     0
 20221031   10:53:36      3     2     3     0     0     0     0
 20221031   10:53:41      0  1841     5   100     0     0     0
 20221031   10:53:41      1     2     3     0     0     0     0
 20221031   10:53:41      2     2     3     0     0     0     0
 20221031   10:53:41      3     2     3     0     0     0     0
 20221031   10:53:46      0  1841     5   100     0     0     0
 20221031   10:53:46      1     2     3     0     0     0     0
 20221031   10:53:46      2     2     3     0     0     0     0
 20221031   10:53:46      3     2     3     0     0     0     0
 20221031   10:53:51      0  1841     5   100     0     0     0
 20221031   10:53:51      1     2     3     0     0     0     0
 20221031   10:53:51      2     2     3     0     0     0     0
 20221031   10:53:51      3     2     3     0     0     0     0
 20221031   10:53:56      0  1841     5   100     0     0     0
 20221031   10:53:56      1     2     3     0     0     0     0
 20221031   10:53:56      2     2     3     0     0     0     0
 20221031   10:53:56      3     2     3     0     0     0     0
 20221031   10:54:01      0  1841     5   100     0     0     0
 20221031   10:54:01      1     2     3     0     0     0     0
 20221031   10:54:01      2     2     3     0     0     0     0
 20221031   10:54:01      3     2     3     0     0     0     0
 20221031   10:54:06      0  1841     5   100     0     0     0
 20221031   10:54:06      1     2     3     0     0     0     0
 20221031   10:54:06      2     2     3     0     0     0     0
 20221031   10:54:06      3     2     3     0     0     0     0
